info,first_candidate,council,region,county_number,full_name,party
"Громадянин України, народився 21.11.1963 р., освіта вища, член ПАРТІЇ ""БЛОК ПЕТРА ПОРОШЕНКА ""СОЛІДАРНІСТЬ"", Приватне підприємство ""Тетра"", Фізична особа - підприємець, Директор, місце проживання: м.Зеленодольськ, Апостолівський район, Дніпропетровська область",(Муха Іван Вікторович),Зеленодольська міська громада,Дніпропетровська область,1,БАСІЙ МИХАЙЛО ФЕОФАНОВИЧ,"ПАРТІЯ ""БЛОК ПЕТРА ПОРОШЕНКА ""СОЛІДАРНІСТЬ"""
"Громадянка України, народилася 28.09.1963 р., освіта вища, безпартійна, ДТЕК ""Криворізька тепло-електро станція"", Спеціаліст, місце проживання: м.Зеленодольськ, Апостолівський район, Дніпропетровська область",(Толкачов Олександр Федорович),Зеленодольська міська громада,Дніпропетровська область,1,ГОЛОСЕНКО ТЕТЯНА ІВАНІВНА,"ПАРТІЯ ""ВІДРОДЖЕННЯ"""
"Громадянин України, народився 09.01.1959 р., освіта вища, член політичної партії Всеукраїнське об’єднання ""Батьківщина"", Товариство з обмеженою відповідальністю ""Лілія"", Директор, місце проживання: м.Зеленодольськ, Апостолівський район, Дніпропетровська область",(Кондратьєва Тамара Олександрівна),Зеленодольська міська громада,Дніпропетровська область,1,ВАСИЛЬЄВ ВАЛЕРІЙ БОРИСОВИЧ,"ПОЛІТИЧНА ПАРТІЯ ВСЕУКРАЇНСЬКЕ ОБ’ЄДНАННЯ ""БАТЬКІВЩИНА"""
,(Шостак Віталій Васильович),Зеленодольська міська громада,Дніпропетровська область,1,,"ПОЛІТИЧНА ПАРТІЯ ВСЕУКРАЇНСЬКЕ ОБ’ЄДНАННЯ ""СВОБОДА"""
"Громадянин України, народився 30.05.1976 р., освіта вища, безпартійний, ДТЕК КРИВОРІЗЬКА ТЕС, Заступник начальника котлотурбінного цеху №2, місце проживання: м.Зеленодольськ, Апостолівський район, Дніпропетровська область",(Ярошенко Олена Михайлівна),Зеленодольська міська громада,Дніпропетровська область,1,КАЛАШНІКОВ ВІТАЛІЙ ПЕТРОВИЧ,"ПОЛІТИЧНА ПАРТІЯ ""ОПОЗИЦІЙНИЙ БЛОК"""
"Громадянин України, народився 22.08.1956 р., освіта вища, безпартійний, пенсіонер, місце проживання: м.Зеленодольськ, Апостолівський район, Дніпропетровська область",(Братченко Віктор Григорович),Зеленодольська міська громада,Дніпропетровська область,1,СІНЧУК ОЛЕКСАНДР ГРИГОРОВИЧ,"ПОЛІТИЧНА ПАРТІЯ ""УКРАЇНСЬКЕ ОБ’ЄДНАННЯ ПАТРІОТІВ – УКРОП"""
"Громадянка України, народилася 02.12.1980 р., освіта загальна середня, член Радикальної партії Олега Ляшка, Кафе ""Сьоме небо"", Кухар, місце проживання: м.Зеленодольськ, Апостолівський район, Дніпропетровська область",(Кучеренко Роман Григорович),Зеленодольська міська громада,Дніпропетровська область,1,КРИЖАНОВСЬКА ВІКТОРІЯ ВАСИЛІВНА,РАДИКАЛЬНА ПАРТІЯ ОЛЕГА ЛЯШКА
"Громадянин України, народився 20.09.1969 р., освіта вища, безпартійний, Орджонікідзевський міський військовий комісаріат, Військовий комісар, місце проживання: м.Зеленодольськ, Апостолівський район, Дніпропетровська область",(Муха Іван Вікторович),Зеленодольська міська громада,Дніпропетровська область,2,БЄЛЯЄВ ВАЛЕРІЙ ВІКТОРОВИЧ,"ПАРТІЯ ""БЛОК ПЕТРА ПОРОШЕНКА ""СОЛІДАРНІСТЬ"""
"Громадянка України, народилася 05.05.1967 р., освіта професійно-технічна, член Партії ""Відродження"", Комунальний заклад первинної медико-санітарної медичної допомоги, Головна медична сестра, місце проживання: м.Зеленодольськ, Апостолівський район, Дніпропетровська область",(Толкачов Олександр Федорович),Зеленодольська міська громада,Дніпропетровська область,2,ГОМОН НАТАЛЯ МИКОЛАЇВНА,"ПАРТІЯ ""ВІДРОДЖЕННЯ"""
"Громадянка України, народилася 07.04.1967 р., освіта вища, член політичної партії Всеукраїнське об’єднання ""Батьківщина"", Зеленодольська загальноосвітня школа №1, Заступник директора, місце проживання: м.Зеленодольськ, Апостолівський район, Дніпропетровська область",(Кондратьєва Тамара Олександрівна),Зеленодольська міська громада,Дніпропетровська область,2,ЦИЦЮРА ОЛЬГА ВОЛОДИМИРІВНА,"ПОЛІТИЧНА ПАРТІЯ ВСЕУКРАЇНСЬКЕ ОБ’ЄДНАННЯ ""БАТЬКІВЩИНА"""
"Громадянка України, народилася 20.08.1971 р., освіта вища, член політичної партії Всеукраїнське об’єднання ""Свобода"", Криворізька ТЕС,, електрослюсар, місце проживання: м.Зеленодольськ, Апостолівський район, Дніпропетровська область",(Шостак Віталій Васильович),Зеленодольська міська громада,Дніпропетровська область,2,ШОСТАК ТЕТЯНА МИКОЛАЇВНА,"ПОЛІТИЧНА ПАРТІЯ ВСЕУКРАЇНСЬКЕ ОБ’ЄДНАННЯ ""СВОБОДА"""
"Громадянин України, народився 20.04.1959 р., освіта вища, безпартійний, ДТЕК КРИВОРІЗЬКА ТЕС, Начальник цеху теплової автоматики та вимірювань, місце проживання: м.Зеленодольськ, Апостолівський район, Дніпропетровська область",(Ярошенко Олена Михайлівна),Зеленодольська міська громада,Дніпропетровська область,2,СЕМЕНЮК МИКОЛА ГЕРАСИМОВИЧ,"ПОЛІТИЧНА ПАРТІЯ ""ОПОЗИЦІЙНИЙ БЛОК"""
"Громадянин України, народився 18.09.1972 р., освіта професійно-технічна, безпартійний, ДТЕК ""Криворізької ТЕС"", Слюсар, місце проживання: м.Зеленодольськ, Апостолівський район, Дніпропетровська область",(Братченко Віктор Григорович),Зеленодольська міська громада,Дніпропетровська область,2,СТЕПАНЕНКО ОЛЕГ МИКОЛАЙОВИЧ,"ПОЛІТИЧНА ПАРТІЯ ""УКРАЇНСЬКЕ ОБ’ЄДНАННЯ ПАТРІОТІВ – УКРОП"""
"Громадянин України, народився 13.06.1964 р., освіта вища, член Радикальної партії Олега Ляшка, ДТЕК Криворізька ТЕС, Слюсар, місце проживання: м.Зеленодольськ, Апостолівський район, Дніпропетровська область",(Кучеренко Роман Григорович),Зеленодольська міська громада,Дніпропетровська область,2,РЄЗНІК ВОЛОДИМИР МИКОЛАЙОВИЧ,РАДИКАЛЬНА ПАРТІЯ ОЛЕГА ЛЯШКА
"Громадянка України, народилася 07.05.1961 р., освіта вища, член ПАРТІЇ ""БЛОК ПЕТРА ПОРОШЕНКА ""СОЛІДАРНІСТЬ"", Апостолівський районний ліцей інтернат, Заступник директора по виховній роботі, місце проживання: м.Зеленодольськ, Апостолівський район, Дніпропетровська область",(Муха Іван Вікторович),Зеленодольська міська громада,Дніпропетровська область,3,ЧАЙКА МАРІЯ СТАНІСЛАВІВНА,"ПАРТІЯ ""БЛОК ПЕТРА ПОРОШЕНКА ""СОЛІДАРНІСТЬ"""
"Громадянка України, народилася 07.10.1960 р., освіта вища, безпартійна, Комунальний заклад первинної медико-санітарної медичної допомоги, Лікар, місце проживання: м.Зеленодольськ, Апостолівський район, Дніпропетровська область",(Толкачов Олександр Федорович),Зеленодольська міська громада,Дніпропетровська область,3,БЄДНІК РАЇСА КУЧКАРІВНА,"ПАРТІЯ ""ВІДРОДЖЕННЯ"""
"Громадянин України, народився 24.06.1958 р., освіта вища, член політичної партії Всеукраїнське об’єднання ""Батьківщина"", Фермерське господарство ""2А-+"", Голова, місце проживання: м.Зеленодольськ, Апостолівський район, Дніпропетровська область",(Кондратьєва Тамара Олександрівна),Зеленодольська міська громада,Дніпропетровська область,3,САКОРЕНКО ОЛЕКСАНДР ОЛЕКСАНДРОВИЧ,"ПОЛІТИЧНА ПАРТІЯ ВСЕУКРАЇНСЬКЕ ОБ’ЄДНАННЯ ""БАТЬКІВЩИНА"""
"Громадянин України, народився 27.05.1969 р., освіта вища, член політичної партії Всеукраїнське об’єднання ""Свобода"", Зеленодольський профліцей, майстер виробничого навчання, місце проживання: м.Зеленодольськ, Апостолівський район, Дніпропетровська область",(Шостак Віталій Васильович),Зеленодольська міська громада,Дніпропетровська область,3,САРАЖИН ВОЛОДИМИР ОЛЕКСАНДРОВИЧ,"ПОЛІТИЧНА ПАРТІЯ ВСЕУКРАЇНСЬКЕ ОБ’ЄДНАННЯ ""СВОБОДА"""
"Громадянка України, народилася 11.09.1974 р., освіта вища, безпартійна, ДТЕК КРИВОРІЗЬКА ТЕС, Інженер, місце проживання: м.Зеленодольськ, Апостолівський район, Дніпропетровська область",(Ярошенко Олена Михайлівна),Зеленодольська міська громада,Дніпропетровська область,3,МАРТИНЕНКО ТЕТЯНА МИКОЛАЇВНА,"ПОЛІТИЧНА ПАРТІЯ ""ОПОЗИЦІЙНИЙ БЛОК"""
"Громадянин України, народився 24.01.1965 р., освіта професійно-технічна, безпартійний, Комунальне підприємство міськводоканал м. Зеленодольськ, Слюсар, місце проживання: с. Мала Костромка Апостолівський район, Дніпропетровська область",(Братченко Віктор Григорович),Зеленодольська міська громада,Дніпропетровська область,3,КУДРІНСЬКИЙ ОЛЕКСІЙ ОЛЕКСІЙОВИЧ,"ПОЛІТИЧНА ПАРТІЯ ""УКРАЇНСЬКЕ ОБ’ЄДНАННЯ ПАТРІОТІВ – УКРОП"""
"Громадянин України, народився 13.01.1961 р., освіта вища, член Радикальної партії Олега Ляшка, Фізична особа - підприємець, місце проживання: м.Зеленодольськ, Апостолівський район, Дніпропетровська область",(Кучеренко Роман Григорович),Зеленодольська міська громада,Дніпропетровська область,3,ПІСКУН ОЛЕКСАНДР МИКОЛАЙОВИЧ,РАДИКАЛЬНА ПАРТІЯ ОЛЕГА ЛЯШКА
"Громадянка України, народилася 28.07.1969 р., освіта загальна середня, член ПАРТІЇ ""БЛОК ПЕТРА ПОРОШЕНКА ""СОЛІДАРНІСТЬ"", Зеленодольська СШ №1, Вчитель початкових класів, місце проживання: м.Зеленодольськ, Апостолівський район, Дніпропетровська область",(Муха Іван Вікторович),Зеленодольська міська громада,Дніпропетровська область,4,ПОТІП ТЕТЯНА ОЛЕКСАНДРІВНА,"ПАРТІЯ ""БЛОК ПЕТРА ПОРОШЕНКА ""СОЛІДАРНІСТЬ"""
"Громадянка України, народилася 30.04.1975 р., освіта вища, безпартійна, Дитячий навчальний заклад ""Попелюшка"", Завідуюча, місце проживання: с. Мала Костромка, Апостолівський район, Дніпропетровська область",(Толкачов Олександр Федорович),Зеленодольська міська громада,Дніпропетровська область,4,ЛЮБОЧКО ОЛЬГА ВІКТОРІВНА,"ПАРТІЯ ""ВІДРОДЖЕННЯ"""
"Громадянин України, народився 21.06.1953 р., освіта вища, член політичної партії Всеукраїнське об’єднання ""Батьківщина"", пенсіонер, місце проживання: м.Зеленодольськ, Апостолівський район, Дніпропетровська область",(Кондратьєва Тамара Олександрівна),Зеленодольська міська громада,Дніпропетровська область,4,БАКУРСЬКИЙ ГЕННАДІЙ ВІКТОРОВИЧ,"ПОЛІТИЧНА ПАРТІЯ ВСЕУКРАЇНСЬКЕ ОБ’ЄДНАННЯ ""БАТЬКІВЩИНА"""
,(Шостак Віталій Васильович),Зеленодольська міська громада,Дніпропетровська область,4,,"ПОЛІТИЧНА ПАРТІЯ ВСЕУКРАЇНСЬКЕ ОБ’ЄДНАННЯ ""СВОБОДА"""
"Громадянка України, народилася 06.03.1975 р., освіта вища, безпартійна, ДТЕК КРИВОРІЗЬКА ТЕС, Інженер з охорони навколишнього середовища, місце проживання: с.Мала Костромка, Апостолівський район, Дніпропетровська область",(Ярошенко Олена Михайлівна),Зеленодольська міська громада,Дніпропетровська область,4,ДЕМЕНЧУК НАТАЛІЯ ІВАНІВНА,"ПОЛІТИЧНА ПАРТІЯ ""ОПОЗИЦІЙНИЙ БЛОК"""
"Громадянин України, народився 23.05.1978 р., освіта професійно-технічна, безпартійний, ВАТ ""ІНТЕРЕНЕРГОСЕРВІС"", Слюсар котельно-виробничого цеху, місце проживання: с. Мала Костромка Апостолівський район, Дніпропетровська область",(Братченко Віктор Григорович),Зеленодольська міська громада,Дніпропетровська область,4,ЛІПКІН ВОЛОДИМИР МИКОЛАЙОВИЧ,"ПОЛІТИЧНА ПАРТІЯ ""УКРАЇНСЬКЕ ОБ’ЄДНАННЯ ПАТРІОТІВ – УКРОП"""
"Громадянин України, народився 05.08.1941 р., освіта вища, член Радикальної партії Олега Ляшка, пенсіонер, місце проживання: с.Мала Костромка, Апостолівський район, Дніпропетровська область",(Кучеренко Роман Григорович),Зеленодольська міська громада,Дніпропетровська область,4,НІКІФОРОВ ПЕТРО ОЛЕКСІЙОВИЧ,РАДИКАЛЬНА ПАРТІЯ ОЛЕГА ЛЯШКА
,(Муха Іван Вікторович),Зеленодольська міська громада,Дніпропетровська область,5,,"ПАРТІЯ ""БЛОК ПЕТРА ПОРОШЕНКА ""СОЛІДАРНІСТЬ"""
"Громадянка України, народилася 16.08.1976 р., освіта професійно-технічна, безпартійна, тимчасово не працює, місце проживання: м.Зеленодольськ, Апостолівський район, Дніпропетровська область",(Толкачов Олександр Федорович),Зеленодольська міська громада,Дніпропетровська область,5,САВОСЬКО ГАННА ВАСИЛІВНА,"ПАРТІЯ ""ВІДРОДЖЕННЯ"""
"Громадянин України, народився 21.01.1957 р., освіта вища, член політичної партії Всеукраїнське об’єднання ""Батьківщина"", Зеленодольська школа мистецтв, Директор, місце проживання: м.Зеленодольськ, Апостолівський район, Дніпропетровська область",(Кондратьєва Тамара Олександрівна),Зеленодольська міська громада,Дніпропетровська область,5,КОНДРАТЬЄВ ЮРІЙ ІВАНОВИЧ,"ПОЛІТИЧНА ПАРТІЯ ВСЕУКРАЇНСЬКЕ ОБ’ЄДНАННЯ ""БАТЬКІВЩИНА"""
,(Шостак Віталій Васильович),Зеленодольська міська громада,Дніпропетровська область,5,,"ПОЛІТИЧНА ПАРТІЯ ВСЕУКРАЇНСЬКЕ ОБ’ЄДНАННЯ ""СВОБОДА"""
"Громадянин України, народився 23.04.1970 р., освіта вища, безпартійний, ДТЕК КРИВОРІЗЬКА ТЕС, Начальник відділ з експлуатації будівель споруд та капітального будівництва, місце проживання: м.Зеленодольськ, Апостолівський район, Дніпропетровська область",(Ярошенко Олена Михайлівна),Зеленодольська міська громада,Дніпропетровська область,5,БЕРЕЗОВСЬКИЙ ІГОР ВІТАЛІЙОВИЧ,"ПОЛІТИЧНА ПАРТІЯ ""ОПОЗИЦІЙНИЙ БЛОК"""
"Громадянка України, народилася 20.08.1975 р., освіта вища, безпартійна, ВАТ ""ІНТЕРЕНЕРГОСЕРВІС"", Ізолювальник, місце проживання: м.Зеленодольськ, Апостолівський район, Дніпропетровська область",(Братченко Віктор Григорович),Зеленодольська міська громада,Дніпропетровська область,5,ВОРНІК КАТЕРИНА МИКОЛАЇВНА,"ПОЛІТИЧНА ПАРТІЯ ""УКРАЇНСЬКЕ ОБ’ЄДНАННЯ ПАТРІОТІВ – УКРОП"""
"Громадянин України, народився 09.03.1991 р., освіта вища, член Радикальної партії Олега Ляшка, Фізична особа - підприємець, місце проживання: м.Зеленодольськ, Апостолівський район, Дніпропетровська область",(Кучеренко Роман Григорович),Зеленодольська міська громада,Дніпропетровська область,5,ПРОХОРЕЦЬ МАКСИМ ВАСИЛЬОВИЧ,РАДИКАЛЬНА ПАРТІЯ ОЛЕГА ЛЯШКА
"Громадянин України, народився 09.06.1967 р., освіта вища, член ПАРТІЇ ""БЛОК ПЕТРА ПОРОШЕНКА ""СОЛІДАРНІСТЬ"", ПП ""Віконт"", Інженер - програміст, місце проживання: м.Зеленодольськ, Апостолівський район, Дніпропетровська область",(Муха Іван Вікторович),Зеленодольська міська громада,Дніпропетровська область,6,ПОТІП СЕРГІЙ ВАСИЛЬОВИЧ,"ПАРТІЯ ""БЛОК ПЕТРА ПОРОШЕНКА ""СОЛІДАРНІСТЬ"""
"Громадянка України, народилася 18.08.1975 р., освіта професійно-технічна, безпартійна, ДТЕК ""Криворізька тепло-електро станція"", Головний спеціаліст, місце проживання: м.Зеленодольськ, Апостолівський район, Дніпропетровська область",(Толкачов Олександр Федорович),Зеленодольська міська громада,Дніпропетровська область,6,ДЖАЛІЛОВА ІРИНА МИРЗОЇВНА,"ПАРТІЯ ""ВІДРОДЖЕННЯ"""
"Громадянин України, народився 02.04.1961 р., освіта вища, член політичної партії Всеукраїнське об’єднання ""Батьківщина"", Зеленодольський цех Нікопольського управління експлуатації газового господарства, Слюсар аварійно-відновлю-вальних робіт, місце проживання: м.Зеленодольськ, Апостолівський район, Дніпропетровська область",(Кондратьєва Тамара Олександрівна),Зеленодольська міська громада,Дніпропетровська область,6,НЮКАЛО ОЛЕКСАНДР ГЕОРГІЙОВИЧ,"ПОЛІТИЧНА ПАРТІЯ ВСЕУКРАЇНСЬКЕ ОБ’ЄДНАННЯ ""БАТЬКІВЩИНА"""
,(Шостак Віталій Васильович),Зеленодольська міська громада,Дніпропетровська область,6,,"ПОЛІТИЧНА ПАРТІЯ ВСЕУКРАЇНСЬКЕ ОБ’ЄДНАННЯ ""СВОБОДА"""
"Громадянин України, народився 10.04.1953 р., освіта вища, безпартійний, ДТЕК КРИВОРІЗЬКА ТЕС, Завідуючи спорткомплексом, місце проживання: м.Зеленодольськ, Апостолівський район, Дніпропетровська область",(Ярошенко Олена Михайлівна),Зеленодольська міська громада,Дніпропетровська область,6,МЕДВІДЬ ОЛЕКСАНДР БОРИСОВИЧ,"ПОЛІТИЧНА ПАРТІЯ ""ОПОЗИЦІЙНИЙ БЛОК"""
,(Братченко Віктор Григорович),Зеленодольська міська громада,Дніпропетровська область,6,,"ПОЛІТИЧНА ПАРТІЯ ""УКРАЇНСЬКЕ ОБ’ЄДНАННЯ ПАТРІОТІВ – УКРОП"""
"Громадянин України, народився 23.02.1962 р., освіта вища, член Радикальної партії Олега Ляшка, тимчасово не працює, місце проживання: м.Зеленодольськ, Апостолівський район, Дніпропетровська область",(Кучеренко Роман Григорович),Зеленодольська міська громада,Дніпропетровська область,6,ХРИСТИЧ ВОЛОДИМИР ВАСИЛЬОВИЧ,РАДИКАЛЬНА ПАРТІЯ ОЛЕГА ЛЯШКА
"Громадянин України, народився 10.05.1951 р., освіта вища, член ПАРТІЇ ""БЛОК ПЕТРА ПОРОШЕНКА ""СОЛІДАРНІСТЬ"", пенсіонер, місце проживання: м.Зеленодольськ, Апостолівський район, Дніпропетровська область",(Муха Іван Вікторович),Зеленодольська міська громада,Дніпропетровська область,7,ГУСАК МИКОЛА ГРИГОРОВИЧ,"ПАРТІЯ ""БЛОК ПЕТРА ПОРОШЕНКА ""СОЛІДАРНІСТЬ"""
"Громадянин України, народився 05.12.1962 р., освіта вища, безпартійний, Приватний підприємець, місце проживання: м. Кривий Ріг, Дніпропетровська область",(Толкачов Олександр Федорович),Зеленодольська міська громада,Дніпропетровська область,7,МАНУЙЛОВ ЄВГЕН ОЛЕКСАНДРОВИЧ,"ПАРТІЯ ""ВІДРОДЖЕННЯ"""
"Громадянка України, народилася 11.11.1976 р., освіта вища, член політичної партії Всеукраїнське об’єднання ""Батьківщина"", Зеленодольськазагальноосвітня школа №1, вчитель, місце проживання: м.Зеленодольськ, Апостолівський район, Дніпропетровська область",(Кондратьєва Тамара Олександрівна),Зеленодольська міська громада,Дніпропетровська область,7,БОБРИК ТЕТЯНА ВАЛЕРІЇВНА,"ПОЛІТИЧНА ПАРТІЯ ВСЕУКРАЇНСЬКЕ ОБ’ЄДНАННЯ ""БАТЬКІВЩИНА"""
"Громадянин України, народився 25.10.1993 р., освіта вища, член політичної партії Всеукраїнське об’єднання ""Свобода"", студент, місце проживання: м.Зеленодольськ, Апостолівський район, Дніпропетровська область",(Шостак Віталій Васильович),Зеленодольська міська громада,Дніпропетровська область,7,ШОСТАК ВЛАДИСЛАВ ВІТАЛІЙОВИЧ,"ПОЛІТИЧНА ПАРТІЯ ВСЕУКРАЇНСЬКЕ ОБ’ЄДНАННЯ ""СВОБОДА"""
"Громадянин України, народився 23.08.1983 р., освіта вища, безпартійний, ДТЕК КРИВОРІЗЬКА ТЕС, Головний спеціаліст, місце проживання: м.Зеленодольськ, Апостолівський район, Дніпропетровська область",(Ярошенко Олена Михайлівна),Зеленодольська міська громада,Дніпропетровська область,7,ТАТАРЧУК ВОЛОДИМИР ОЛЕКСАНДРОВИЧ,"ПОЛІТИЧНА ПАРТІЯ ""ОПОЗИЦІЙНИЙ БЛОК"""
,(Братченко Віктор Григорович),Зеленодольська міська громада,Дніпропетровська область,7,,"ПОЛІТИЧНА ПАРТІЯ ""УКРАЇНСЬКЕ ОБ’ЄДНАННЯ ПАТРІОТІВ – УКРОП"""
"Громадянка України, народилася 10.09.1983 р., освіта вища, член Радикальної партії Олега Ляшка, тимчасово не працює, місце проживання: м.Зеленодольськ, Апостолівський район, Дніпропетровська область",(Кучеренко Роман Григорович),Зеленодольська міська громада,Дніпропетровська область,7,КИСІЛЬ ОЛЬГА ВОЛОДИМИРІВНА,РАДИКАЛЬНА ПАРТІЯ ОЛЕГА ЛЯШКА
"Громадянин України, народився 13.10.1959 р., освіта вища, член ПАРТІЇ ""БЛОК ПЕТРА ПОРОШЕНКА ""СОЛІДАРНІСТЬ"", пенсіонер, місце проживання: м.Зеленодольськ, Апостолівський район, Дніпропетровська область",(Муха Іван Вікторович),Зеленодольська міська громада,Дніпропетровська область,8,ЗОЛОТОВ ВОЛОДИМИР ВАСИЛЬОВИЧ,"ПАРТІЯ ""БЛОК ПЕТРА ПОРОШЕНКА ""СОЛІДАРНІСТЬ"""
"Громадянин України, народився 10.07.1957 р., освіта вища, безпартійний, Зеленодольський водоканал, Інженер, місце проживання: м.Зеленодольськ, Апостолівський район, Дніпропетровська область",(Толкачов Олександр Федорович),Зеленодольська міська громада,Дніпропетровська область,8,КОЗЛЕНКО ОЛЕКСАНДР МИХАЙЛОВИЧ,"ПАРТІЯ ""ВІДРОДЖЕННЯ"""
"Громадянин України, народився 10.08.1938 р., освіта вища, член політичної партії Всеукраїнське об’єднання ""Батьківщина"", пенсіонер, місце проживання: м.Зеленодольськ, Апостолівський р-н, Дніпропетровська обл.",(Кондратьєва Тамара Олександрівна),Зеленодольська міська громада,Дніпропетровська область,8,СЕВЕРЕНЧУК ПЕТРО ВАСИЛЬОВИЧ,"ПОЛІТИЧНА ПАРТІЯ ВСЕУКРАЇНСЬКЕ ОБ’ЄДНАННЯ ""БАТЬКІВЩИНА"""
,(Шостак Віталій Васильович),Зеленодольська міська громада,Дніпропетровська область,8,,"ПОЛІТИЧНА ПАРТІЯ ВСЕУКРАЇНСЬКЕ ОБ’ЄДНАННЯ ""СВОБОДА"""
"Громадянин України, народився 03.07.1963 р., освіта вища, безпартійний, ДТЕК ""ІНТЕРЕНЕРГОСЕРВІС"", Старший майстер, місце проживання: м.Зеленодольськ, Апостолівський район, Дніпропетровська область",(Ярошенко Олена Михайлівна),Зеленодольська міська громада,Дніпропетровська область,8,НІКОЛАЄНКО ВІКТОР МИКОЛАЙОВИЧ,"ПОЛІТИЧНА ПАРТІЯ ""ОПОЗИЦІЙНИЙ БЛОК"""
,(Братченко Віктор Григорович),Зеленодольська міська громада,Дніпропетровська область,8,,"ПОЛІТИЧНА ПАРТІЯ ""УКРАЇНСЬКЕ ОБ’ЄДНАННЯ ПАТРІОТІВ – УКРОП"""
"Громадянин України, народився 24.07.1951 р., освіта загальна середня, член Радикальної партії Олега Ляшка, Союз Чорнобиль України, Голова, місце проживання: м.Зеленодольськ, Апостолівський район, Дніпропетровська область",(Кучеренко Роман Григорович),Зеленодольська міська громада,Дніпропетровська область,8,ВЕРБОВИЙ ЛЕОНІД ГРИГОРОВИЧ,РАДИКАЛЬНА ПАРТІЯ ОЛЕГА ЛЯШКА
"Громадянка України, народилася 16.01.1964 р., освіта загальна середня, член ПАРТІЇ ""БЛОК ПЕТРА ПОРОШЕНКА ""СОЛІДАРНІСТЬ"", тимчасово не працює, місце проживання: с. Мала Костромка, Апостолівський район, Дніпропетровська область",(Муха Іван Вікторович),Зеленодольська міська громада,Дніпропетровська область,9,КОЗАЧЕНКО КАТЕРИНА ТЕОДОРІВНА,"ПАРТІЯ ""БЛОК ПЕТРА ПОРОШЕНКА ""СОЛІДАРНІСТЬ"""
"Громадянка України, народилася 25.02.1970 р., освіта професійно-технічна, безпартійна, Комунальний заклад первинної медико-санітарної медичної допомоги, Лаборант, місце проживання: м.Зеленодольськ, Апостолівський район, Дніпропетровська область",(Толкачов Олександр Федорович),Зеленодольська міська громада,Дніпропетровська область,9,МОЖНА ЛАРИСА АНАТОЛІЇВНА,"ПАРТІЯ ""ВІДРОДЖЕННЯ"""
"Громадянка України, народилася 19.01.1955 р., освіта вища, член політичної партії Всеукраїнське об’єднання ""Батьківщина"", Зеленодольськазагальноосвітня школа №2, Заступник директора, місце проживання: м.Зеленодольськ, Апостолівський район, Дніпропетровська область",(Кондратьєва Тамара Олександрівна),Зеленодольська міська громада,Дніпропетровська область,9,ЗАІТОВА НАТАЛІЯ ВАСИЛІВНА,"ПОЛІТИЧНА ПАРТІЯ ВСЕУКРАЇНСЬКЕ ОБ’ЄДНАННЯ ""БАТЬКІВЩИНА"""
,(Шостак Віталій Васильович),Зеленодольська міська громада,Дніпропетровська область,9,,"ПОЛІТИЧНА ПАРТІЯ ВСЕУКРАЇНСЬКЕ ОБ’ЄДНАННЯ ""СВОБОДА"""
"Громадянин України, народився 01.12.1977 р., освіта вища, безпартійний, ДТЕК КРИВОРІЗЬКА ТЕС, Начальник котлотурбінного цеху №1, місце проживання: м.Зеленодольськ, Апостолівський район, Дніпропетровська область",(Ярошенко Олена Михайлівна),Зеленодольська міська громада,Дніпропетровська область,9,ХАЛО МИКОЛА ГРИГОРОВИЧ,"ПОЛІТИЧНА ПАРТІЯ ""ОПОЗИЦІЙНИЙ БЛОК"""
,(Братченко Віктор Григорович),Зеленодольська міська громада,Дніпропетровська область,9,,"ПОЛІТИЧНА ПАРТІЯ ""УКРАЇНСЬКЕ ОБ’ЄДНАННЯ ПАТРІОТІВ – УКРОП"""
"Громадянин України, народився 22.03.1997 р., освіта вища, член Радикальної партії Олега Ляшка, Учбовий центр ПАТ ""Дніпроенерго"", Викладач, місце проживання: м.Зеленодольськ, Апостолівський район, Дніпропетровська область",(Кучеренко Роман Григорович),Зеленодольська міська громада,Дніпропетровська область,9,ІГНАТЧЕНКО ВАДИМ ВІКТОРОВИЧ,РАДИКАЛЬНА ПАРТІЯ ОЛЕГА ЛЯШКА
"Громадянка України, народилася 17.02.1971 р., освіта вища, член ПАРТІЇ ""БЛОК ПЕТРА ПОРОШЕНКА ""СОЛІДАРНІСТЬ"", Бібліотека для дітей міста Зеленодольськ, Завідувач, місце проживання: м.Зеленодольськ, Апостолівський район, Дніпропетровська область",(Муха Іван Вікторович),Зеленодольська міська громада,Дніпропетровська область,10,ПАВЛЮЧЕНКО ТЕТЯНА АНАТОЛІЇВНА,"ПАРТІЯ ""БЛОК ПЕТРА ПОРОШЕНКА ""СОЛІДАРНІСТЬ"""
"Громадянка України, народилася 30.04.1971 р., освіта професійно-технічна, безпартійна, тимчасово не працює, місце проживання: м.Зеленодольськ, Апостолівський район, Дніпропетровська область",(Толкачов Олександр Федорович),Зеленодольська міська громада,Дніпропетровська область,10,КУЛІНЯК ОЛЕНА ВІТАЛІЇВНА,"ПАРТІЯ ""ВІДРОДЖЕННЯ"""
"Громадянин України, народився 24.04.1948 р., освіта вища, член політичної партії Всеукраїнське об’єднання ""Батьківщина"", пенсіонер, місце проживання: м.Зеленодольськ, Апостолівський район, Дніпропетровська область",(Кондратьєва Тамара Олександрівна),Зеленодольська міська громада,Дніпропетровська область,10,ГАВРИК ЯКІВ ПЕТРОВИЧ,"ПОЛІТИЧНА ПАРТІЯ ВСЕУКРАЇНСЬКЕ ОБ’ЄДНАННЯ ""БАТЬКІВЩИНА"""
,(Шостак Віталій Васильович),Зеленодольська міська громада,Дніпропетровська область,10,,"ПОЛІТИЧНА ПАРТІЯ ВСЕУКРАЇНСЬКЕ ОБ’ЄДНАННЯ ""СВОБОДА"""
"Громадянин України, народився 14.01.1952 р., освіта вища, безпартійний, Спеціалізована база ""Укренергокомплект"", Директор, місце проживання: с.Мала Костромка, Апостолівський район, Дніпропетровська область",(Ярошенко Олена Михайлівна),Зеленодольська міська громада,Дніпропетровська область,10,ТКАЧЕНКО ВОЛОДИМИР ВАЛЕНТИНОВИЧ,"ПОЛІТИЧНА ПАРТІЯ ""ОПОЗИЦІЙНИЙ БЛОК"""
"Громадянка України, народилася 21.12.1979 р., освіта вища, безпартійна, тимчасово не працює, місце проживання: м.Зеленодольськ, Апостолівський район, Дніпропетровська область",(Братченко Віктор Григорович),Зеленодольська міська громада,Дніпропетровська область,10,ЧАЙКОВСЬКА ОЛЕНА МИКОЛАЇВНА,"ПОЛІТИЧНА ПАРТІЯ ""УКРАЇНСЬКЕ ОБ’ЄДНАННЯ ПАТРІОТІВ – УКРОП"""
"Громадянка України, народилася 18.06.1970 р., освіта вища, член Радикальної партії Олега Ляшка, Фізична особа - підприємець, місце проживання: м.Зеленодольськ, Апостолівський район, Дніпропетровська область",(Кучеренко Роман Григорович),Зеленодольська міська громада,Дніпропетровська область,10,ЯКОВЕНКО ГАЛИНА ЛЕОНІДІВНА,РАДИКАЛЬНА ПАРТІЯ ОЛЕГА ЛЯШКА
"Громадянин України, народився 19.01.1960 р., освіта загальна середня, член ПАРТІЇ ""БЛОК ПЕТРА ПОРОШЕНКА ""СОЛІДАРНІСТЬ"", Фізична особа - підприємець, місце проживання: м.Зеленодольськ, Апостолівський район, Дніпропетровська область",(Муха Іван Вікторович),Зеленодольська міська громада,Дніпропетровська область,11,ПЕТРИШИН ІВАН АНТОНОВИЧ,"ПАРТІЯ ""БЛОК ПЕТРА ПОРОШЕНКА ""СОЛІДАРНІСТЬ"""
"Громадянин України, народився 19.05.1978 р., освіта професійно-технічна, безпартійний, ДТЕК ""Криворізька тепло-електро станція"", Слюсар, місце проживання: м.Зеленодольськ, Апостолівський район, Дніпропетровська область",(Толкачов Олександр Федорович),Зеленодольська міська громада,Дніпропетровська область,11,КОРЮКОВ СЕРГІЙ ОЛЕКСАНДРОВИЧ,"ПАРТІЯ ""ВІДРОДЖЕННЯ"""
"Громадянка України, народилася 17.12.1962 р., освіта вища, член політичної партії Всеукраїнське об’єднання ""Батьківщина"", Товариство з обмеженою відповідальністю ""Лілія"", Редактор, місце проживання: м.Зеленодольськ, Апостолівський район, Дніпропетровська область",(Кондратьєва Тамара Олександрівна),Зеленодольська міська громада,Дніпропетровська область,11,ВАСИЛЬЄВА ІРИНА АНАТОЛІЇВНА,"ПОЛІТИЧНА ПАРТІЯ ВСЕУКРАЇНСЬКЕ ОБ’ЄДНАННЯ ""БАТЬКІВЩИНА"""
,(Шостак Віталій Васильович),Зеленодольська міська громада,Дніпропетровська область,11,,"ПОЛІТИЧНА ПАРТІЯ ВСЕУКРАЇНСЬКЕ ОБ’ЄДНАННЯ ""СВОБОДА"""
"Громадянин України, народився 10.08.1950 р., освіта вища, безпартійний, ДТЕК КРИВОРІЗЬКА ТЕС, Голова первинної профспілкової організації, місце проживання: м.Зеленодольськ, Апостолівський район, Дніпропетровська область",(Ярошенко Олена Михайлівна),Зеленодольська міська громада,Дніпропетровська область,11,МИРОНОВ МИКОЛА ЯКОВИЧ,"ПОЛІТИЧНА ПАРТІЯ ""ОПОЗИЦІЙНИЙ БЛОК"""
,(Братченко Віктор Григорович),Зеленодольська міська громада,Дніпропетровська область,11,,"ПОЛІТИЧНА ПАРТІЯ ""УКРАЇНСЬКЕ ОБ’ЄДНАННЯ ПАТРІОТІВ – УКРОП"""
"Громадянин України, народився 10.04.1979 р., освіта вища, член Радикальної партії Олега Ляшка, Фізична особа - підприємець, місце проживання: с. Мала Костромка, мАпостолівський район, Дніпропетровська область",(Кучеренко Роман Григорович),Зеленодольська міська громада,Дніпропетровська область,11,ПАВЛЕНКО РУСЛАН ОЛЕКСАНДРОВИЧ,РАДИКАЛЬНА ПАРТІЯ ОЛЕГА ЛЯШКА
"Громадянин України, народився 07.07.1972 р., освіта загальна середня, член ПАРТІЇ ""БЛОК ПЕТРА ПОРОШЕНКА ""СОЛІДАРНІСТЬ"", Фізична особа - підприємець, місце проживання: м.Зеленодольськ, Апостолівський район, Дніпропетровська область",(Муха Іван Вікторович),Зеленодольська міська громада,Дніпропетровська область,12,НАГОРНИЙ ЄВГЕН ПЕТРОВИЧ,"ПАРТІЯ ""БЛОК ПЕТРА ПОРОШЕНКА ""СОЛІДАРНІСТЬ"""
"Громадянка України, народилася 05.09.1974 р., освіта професійно-технічна, безпартійна, ТОВ ""Електроналадка"", Провідний фахівець, місце проживання: м.Зеленодольськ, Апостолівський район, Дніпропетровська область",(Толкачов Олександр Федорович),Зеленодольська міська громада,Дніпропетровська область,12,РУБЦОВА ОКСАНА БОРИСІВНА,"ПАРТІЯ ""ВІДРОДЖЕННЯ"""
"Громадянка України, народилася 26.04.1960 р., освіта вища, член політичної партії Всеукраїнське об’єднання ""Батьківщина"", Фізична особа - підприємець, місце проживання: м.Зеленодольськ, Апостолівський район, Дніпропетровська область",(Кондратьєва Тамара Олександрівна),Зеленодольська міська громада,Дніпропетровська область,12,КУЧЕРЕНКО НІНЕЛЬ ВІКТОРІВНА,"ПОЛІТИЧНА ПАРТІЯ ВСЕУКРАЇНСЬКЕ ОБ’ЄДНАННЯ ""БАТЬКІВЩИНА"""
,(Шостак Віталій Васильович),Зеленодольська міська громада,Дніпропетровська область,12,,"ПОЛІТИЧНА ПАРТІЯ ВСЕУКРАЇНСЬКЕ ОБ’ЄДНАННЯ ""СВОБОДА"""
"Громадянка України, народилася 03.08.1963 р., освіта вища, безпартійна, Зеленодолька ЗШ №1 I-III ступеню, Директор, місце проживання: м.Зеленодольськ, Апостолівський район, Дніпропетровська область",(Ярошенко Олена Михайлівна),Зеленодольська міська громада,Дніпропетровська область,12,ЗАХАРОВА ТЕТЯНА ПЕТРІВНА,"ПОЛІТИЧНА ПАРТІЯ ""ОПОЗИЦІЙНИЙ БЛОК"""
"Громадянин України, народився 29.04.1972 р., освіта вища, безпартійний, ДТЕК ""Криворізької ТЕС"", Машиніст обхідник з котельного обладнання, місце проживання: м.Зеленодольськ, Апостолівський район, Дніпропетровська область",(Братченко Віктор Григорович),Зеленодольська міська громада,Дніпропетровська область,12,СТРЯПЧИЙ АНДРІЙ ІВАНОВИЧ,"ПОЛІТИЧНА ПАРТІЯ ""УКРАЇНСЬКЕ ОБ’ЄДНАННЯ ПАТРІОТІВ – УКРОП"""
"Громадянка України, народилася 05.10.1953 р., освіта вища, член Радикальної партії Олега Ляшка, пенсіонер, місце проживання: м.Зеленодольськ, Апостолівський район, Дніпропетровська область",(Кучеренко Роман Григорович),Зеленодольська міська громада,Дніпропетровська область,12,ГАВРИЛЮК ЛЮДМИЛА ОЛЕКСАНДРІВНА,РАДИКАЛЬНА ПАРТІЯ ОЛЕГА ЛЯШКА
"Громадянка України, народилася 04.09.1972 р., освіта вища, член ПАРТІЇ ""БЛОК ПЕТРА ПОРОШЕНКА ""СОЛІДАРНІСТЬ"", Зеленодольська СШ №2, Заступник директора з виховної роботи, місце проживання: м.Зеленодольськ, Апостолівський район, Дніпропетровська область",(Муха Іван Вікторович),Зеленодольська міська громада,Дніпропетровська область,13,ГАЛКІНА ГАЛИНА ОЛЕКСАНДРІВНА,"ПАРТІЯ ""БЛОК ПЕТРА ПОРОШЕНКА ""СОЛІДАРНІСТЬ"""
"Громадянка України, народилася 09.03.1963 р., освіта вища, безпартійна, Зеленодольська загальноосвітня середня школа № 2, вчитель, місце проживання: м.Зеленодольськ, Апостолівський район, Дніпропетровська область",(Толкачов Олександр Федорович),Зеленодольська міська громада,Дніпропетровська область,13,БОКА ВАЛЕНТИНА ІВАНІВНА,"ПАРТІЯ ""ВІДРОДЖЕННЯ"""
"Громадянин України, народився 20.01.1966 р., освіта вища, член політичної партії Всеукраїнське об’єднання ""Батьківщина"", Фізична особа - підприємець, місце проживання: м.Зеленодольськ, Апостолівський район, Дніпропетровська область",(Кондратьєва Тамара Олександрівна),Зеленодольська міська громада,Дніпропетровська область,13,РУМЯНЦЕВ ЮРІЙ ОЛЕКСАНДРОВИЧ,"ПОЛІТИЧНА ПАРТІЯ ВСЕУКРАЇНСЬКЕ ОБ’ЄДНАННЯ ""БАТЬКІВЩИНА"""
,(Шостак Віталій Васильович),Зеленодольська міська громада,Дніпропетровська область,13,,"ПОЛІТИЧНА ПАРТІЯ ВСЕУКРАЇНСЬКЕ ОБ’ЄДНАННЯ ""СВОБОДА"""
"Громадянка України, народилася 05.11.1963 р., освіта вища, безпартійна, ДТЕК КРИВОРІЗЬКА ТЕС, Начальник хімічного цеху, місце проживання: м.Зеленодольськ, Апостолівський район, Дніпропетровська область",(Ярошенко Олена Михайлівна),Зеленодольська міська громада,Дніпропетровська область,13,РЕЗІНКІНА ГАЛИНА МИХАЙЛІВНА,"ПОЛІТИЧНА ПАРТІЯ ""ОПОЗИЦІЙНИЙ БЛОК"""
,(Братченко Віктор Григорович),Зеленодольська міська громада,Дніпропетровська область,13,,"ПОЛІТИЧНА ПАРТІЯ ""УКРАЇНСЬКЕ ОБ’ЄДНАННЯ ПАТРІОТІВ – УКРОП"""
"Громадянка України, народилася 22.01.1973 р., освіта вища, член Радикальної партії Олега Ляшка, ДТЕК Криворізька ТЕС, Технік, місце проживання: м.Зеленодольськ, Апостолівський район, Дніпропетровська область",(Кучеренко Роман Григорович),Зеленодольська міська громада,Дніпропетровська область,13,ПРОХОРЕЦЬ НАДІЯ ПЕТРІВНА,РАДИКАЛЬНА ПАРТІЯ ОЛЕГА ЛЯШКА
"Громадянин України, народився 25.05.1971 р., освіта вища, член ПАРТІЇ ""БЛОК ПЕТРА ПОРОШЕНКА ""СОЛІДАРНІСТЬ"", ТОВ ""Інтеренергосервіс"", Майстер, місце проживання: м.Зеленодольськ, Апостолівський район, Дніпропетровська область",(Муха Іван Вікторович),Зеленодольська міська громада,Дніпропетровська область,14,МОЙСЕЄЦЬ ВАСИЛЬ ВАСИЛЬОВИЧ,"ПАРТІЯ ""БЛОК ПЕТРА ПОРОШЕНКА ""СОЛІДАРНІСТЬ"""
"Громадянка України, народилася 18.03.1972 р., освіта вища, безпартійна, Комунальний заклад первинної медико-санітарної медичної допомоги, Інженер з охорони праці, місце проживання: м.Зеленодольськ, Апостолівський район, Дніпропетровська область",(Толкачов Олександр Федорович),Зеленодольська міська громада,Дніпропетровська область,14,СІЛЬЧЕНКО ТЕТЯНА ІВАНІВНА,"ПАРТІЯ ""ВІДРОДЖЕННЯ"""
"Громадянин України, народився 06.03.1975 р., освіта вища, член політичної партії Всеукраїнське об’єднання ""Батьківщина"", Громадське об’єднання спортивного клубу ""Лідер-С"", керівник, місце проживання: м.Зеленодольськ, Апостолівський район, Дніпропетровська область",(Кондратьєва Тамара Олександрівна),Зеленодольська міська громада,Дніпропетровська область,14,СОРОКА ОЛЕКСАНДР БОРИСОВИЧ,"ПОЛІТИЧНА ПАРТІЯ ВСЕУКРАЇНСЬКЕ ОБ’ЄДНАННЯ ""БАТЬКІВЩИНА"""
"Громадянка України, народилася 18.03.1971 р., освіта професійно-технічна, член політичної партії Всеукраїнське об’єднання ""Свобода"", ДНЗ ""Росинка"" медична сестра, медична сестра, місце проживання: м.Зеленодольськ, Апостолівський район, Дніпропетровська область",(Шостак Віталій Васильович),Зеленодольська міська громада,Дніпропетровська область,14,САРАЖИН МАРІЯ ІВАНІВНА,"ПОЛІТИЧНА ПАРТІЯ ВСЕУКРАЇНСЬКЕ ОБ’ЄДНАННЯ ""СВОБОДА"""
"Громадянка України, народилася 28.11.1973 р., освіта вища, безпартійна, КП ""Зеленодльський міський горводоканал"", Директор, місце проживання: м.Зеленодольськ, Апостолівський район, Дніпропетровська область",(Ярошенко Олена Михайлівна),Зеленодольська міська громада,Дніпропетровська область,14,НАКРАПАС НАТАЛІЯ ПЕТРІВНА,"ПОЛІТИЧНА ПАРТІЯ ""ОПОЗИЦІЙНИЙ БЛОК"""
"Громадянка України, народилася 27.04.1987 р., освіта професійно-технічна, безпартійна, Зеленодольський професійний ліцей, Медсестра, місце проживання: м.Зеленодольськ, Апостолівський район, Дніпропетровська область",(Братченко Віктор Григорович),Зеленодольська міська громада,Дніпропетровська область,14,ЯНЧЕНКО ЮЛІЯ СЕРГІЇВНА,"ПОЛІТИЧНА ПАРТІЯ ""УКРАЇНСЬКЕ ОБ’ЄДНАННЯ ПАТРІОТІВ – УКРОП"""
"Громадянин України, народився 05.03.1971 р., освіта вища, член Радикальної партії Олега Ляшка, ДТЕК Криворізька ТЕС, Майстер, місце проживання: м.Зеленодольськ, Апостолівський район, Дніпропетровська область",(Кучеренко Роман Григорович),Зеленодольська міська громада,Дніпропетровська область,14,ПАСЕВИЧ СЕРГІЙ МИКОЛАЙОВИЧ,РАДИКАЛЬНА ПАРТІЯ ОЛЕГА ЛЯШКА
"Громадянин України, народився 18.08.1961 р., освіта загальна середня, член ПАРТІЇ ""БЛОК ПЕТРА ПОРОШЕНКА ""СОЛІДАРНІСТЬ"", Фізична особа - підприємець, місце проживання: м. Апостолове, Дніпропетровська область",(Муха Іван Вікторович),Зеленодольська міська громада,Дніпропетровська область,15,ГОЦ ІВАН ВАСИЛЬОВИЧ,"ПАРТІЯ ""БЛОК ПЕТРА ПОРОШЕНКА ""СОЛІДАРНІСТЬ"""
"Громадянка України, народилася 19.03.1977 р., освіта вища, безпартійна, ""Криворізька тепло-електро станція"", Приймальник балонів, місце проживання: м.Зеленодольськ, Апостолівський район, Дніпропетровська область",(Толкачов Олександр Федорович),Зеленодольська міська громада,Дніпропетровська область,15,ПАВЛОВА ВАЛЕНТИНА ОЛЕКСАНДРІВНА,"ПАРТІЯ ""ВІДРОДЖЕННЯ"""
"Громадянка України, народилася 07.01.1977 р., освіта вища, член політичної партії Всеукраїнське об’єднання ""Батьківщина"", ЗЦПР, Методист, місце проживання: м.Зеленодольськ, Апостолівський район, Дніпропетровська область",(Кондратьєва Тамара Олександрівна),Зеленодольська міська громада,Дніпропетровська область,15,КОКІТКО ОЛЬГА ІГОРІВНА,"ПОЛІТИЧНА ПАРТІЯ ВСЕУКРАЇНСЬКЕ ОБ’ЄДНАННЯ ""БАТЬКІВЩИНА"""
,(Шостак Віталій Васильович),Зеленодольська міська громада,Дніпропетровська область,15,,"ПОЛІТИЧНА ПАРТІЯ ВСЕУКРАЇНСЬКЕ ОБ’ЄДНАННЯ ""СВОБОДА"""
"Громадянин України, народився 07.01.1967 р., освіта вища, безпартійний, ДТЕК КРИВОРІЗЬКА ТЕС, Головний інженер, місце проживання: м.Зеленодольськ, Апостолівський район, Дніпропетровська область",(Ярошенко Олена Михайлівна),Зеленодольська міська громада,Дніпропетровська область,15,ЄВГРАФОВ ВОЛОДИМИР ПАВЛОВИЧ,"ПОЛІТИЧНА ПАРТІЯ ""ОПОЗИЦІЙНИЙ БЛОК"""
,(Братченко Віктор Григорович),Зеленодольська міська громада,Дніпропетровська область,15,,"ПОЛІТИЧНА ПАРТІЯ ""УКРАЇНСЬКЕ ОБ’ЄДНАННЯ ПАТРІОТІВ – УКРОП"""
"Громадянка України, народилася 25.12.1981 р., освіта загальна середня, член Радикальної партії Олега Ляшка, Будинок побуту м.Зеленодольськ, Перукар, місце проживання: м.Зеленодольськ, Апостолівський район, Дніпропетровська область",(Кучеренко Роман Григорович),Зеленодольська міська громада,Дніпропетровська область,15,ПРОЦИК ЛЮДМИЛА МИКОЛАЇВНА,РАДИКАЛЬНА ПАРТІЯ ОЛЕГА ЛЯШКА
"Громадянин України, народився 11.06.1971 р., освіта вища, член ПАРТІЇ ""БЛОК ПЕТРА ПОРОШЕНКА ""СОЛІДАРНІСТЬ"", тимчасово не працює, місце проживання: м.Зеленодольськ, Апостолівський район, Дніпропетровська область",(Муха Іван Вікторович),Зеленодольська міська громада,Дніпропетровська область,16,АСАФОВ ДМИТРО ВОЛОДИМИРОВИЧ,"ПАРТІЯ ""БЛОК ПЕТРА ПОРОШЕНКА ""СОЛІДАРНІСТЬ"""
"Громадянка України, народилася 01.09.1963 р., освіта професійно-технічна, член Партії ""Відродження"", Комунальний заклад первинної медико-санітарної медичної допомоги, Інспектор з кадрів, місце проживання: м.Зеленодольськ, Апостолівський район, Дніпропетровська область",(Толкачов Олександр Федорович),Зеленодольська міська громада,Дніпропетровська область,16,ДАЦЕНКО ТЕТЯНА ГРИГОРІВНА,"ПАРТІЯ ""ВІДРОДЖЕННЯ"""
"Громадянка України, народилася 12.04.1978 р., освіта вища, член політичної партії Всеукраїнське об’єднання ""Батьківщина"", Дошкільний Навчальний заклад ""Журавка"", завідуюча, місце проживання: м.Зеленодольськ, Апостолівський район, Дніпропетровська область",(Кондратьєва Тамара Олександрівна),Зеленодольська міська громада,Дніпропетровська область,16,БОНДАРЕНКО ОЛЕНА ВОЛОДИМИРІВНА,"ПОЛІТИЧНА ПАРТІЯ ВСЕУКРАЇНСЬКЕ ОБ’ЄДНАННЯ ""БАТЬКІВЩИНА"""
,(Шостак Віталій Васильович),Зеленодольська міська громада,Дніпропетровська область,16,,"ПОЛІТИЧНА ПАРТІЯ ВСЕУКРАЇНСЬКЕ ОБ’ЄДНАННЯ ""СВОБОДА"""
"Громадянин України, народився 13.04.1958 р., освіта вища, безпартійний, ВОТ ""Чистий світ фасіліком"",, Начальник цеху, місце проживання: м.Зеленодольськ, Апостолівський район, Дніпропетровська область",(Ярошенко Олена Михайлівна),Зеленодольська міська громада,Дніпропетровська область,16,ЧЕРНУХА ВОЛОДИМИР ІВАНОВИЧ,"ПОЛІТИЧНА ПАРТІЯ ""ОПОЗИЦІЙНИЙ БЛОК"""
"Громадянин України, народився 10.05.1955 р., освіта професійно-технічна, безпартійний, Фізична особа підприємець Очковський В.О., місце проживання: м.Зеленодольськ, Апостолівський район, Дніпропетровська область",(Братченко Віктор Григорович),Зеленодольська міська громада,Дніпропетровська область,16,ОЧКОВСЬКИЙ ОЛЕКСАНДР ВІКТОРОВИЧ,"ПОЛІТИЧНА ПАРТІЯ ""УКРАЇНСЬКЕ ОБ’ЄДНАННЯ ПАТРІОТІВ – УКРОП"""
"Громадянин України, народився 26.06.1990 р., освіта професійно-технічна, член Радикальної партії Олега Ляшка, тимчасово не працює, місце проживання: м.Зеленодольськ, Апостолівський район, Дніпропетровська область",(Кучеренко Роман Григорович),Зеленодольська міська громада,Дніпропетровська область,16,ЯНОВСЬКИЙ ЮЛІЙ ДМИТРОВИЧ,РАДИКАЛЬНА ПАРТІЯ ОЛЕГА ЛЯШКА
"Громадянка України, народилася 23.06.1956 р., освіта вища, член ПАРТІЇ ""БЛОК ПЕТРА ПОРОШЕНКА ""СОЛІДАРНІСТЬ"", Комунальне підприємство ""Зеленодольський міський водоканал"", Завідувач лабораторії, місце проживання: м.Зеленодольськ, Апостолівський район, Дніпропетровська область",(Муха Іван Вікторович),Зеленодольська міська громада,Дніпропетровська область,17,ПАЛІЙ ЛІДІЯ ПАВЛІВНА,"ПАРТІЯ ""БЛОК ПЕТРА ПОРОШЕНКА ""СОЛІДАРНІСТЬ"""
"Громадянин України, народився 12.06.1954 р., освіта вища, безпартійний, пенсіонер, місце проживання: м.Зеленодольськ, Апостолівський район, Дніпропетровська область",(Толкачов Олександр Федорович),Зеленодольська міська громада,Дніпропетровська область,17,СВІТЛИЧНИЙ СЕРГІЙ МИХАЙЛОВИЧ,"ПАРТІЯ ""ВІДРОДЖЕННЯ"""
"Громадянин України, народився 25.03.1950 р., освіта вища, член політичної партії Всеукраїнське об’єднання ""Батьківщина"", Комунальний заклад ""Зеленодольський центр первинної медико-санітарної допомоги"", Лікар, місце проживання: м.Зеленодольськ, Апостолівський район, Дніпропетровська область",(Кондратьєва Тамара Олександрівна),Зеленодольська міська громада,Дніпропетровська область,17,БРЕДУН ОЛЕКСАНДР ВАСИЛЬОВИЧ,"ПОЛІТИЧНА ПАРТІЯ ВСЕУКРАЇНСЬКЕ ОБ’ЄДНАННЯ ""БАТЬКІВЩИНА"""
,(Шостак Віталій Васильович),Зеленодольська міська громада,Дніпропетровська область,17,,"ПОЛІТИЧНА ПАРТІЯ ВСЕУКРАЇНСЬКЕ ОБ’ЄДНАННЯ ""СВОБОДА"""
"Громадянин України, народився 04.06.1961 р., освіта вища, безпартійний, тимчасово не працює, місце проживання: м.Зеленодольськ, Апостолівський район, Дніпропетровська область",(Ярошенко Олена Михайлівна),Зеленодольська міська громада,Дніпропетровська область,17,БЕЛЬДІЙ ОЛЕКСАНДР ІВАНОВИЧ,"ПОЛІТИЧНА ПАРТІЯ ""ОПОЗИЦІЙНИЙ БЛОК"""
,(Братченко Віктор Григорович),Зеленодольська міська громада,Дніпропетровська область,17,,"ПОЛІТИЧНА ПАРТІЯ ""УКРАЇНСЬКЕ ОБ’ЄДНАННЯ ПАТРІОТІВ – УКРОП"""
,(Кучеренко Роман Григорович),Зеленодольська міська громада,Дніпропетровська область,17,,РАДИКАЛЬНА ПАРТІЯ ОЛЕГА ЛЯШКА
"Громадянин України, народився 24.09.1986 р., освіта вища, член ПАРТІЇ ""БЛОК ПЕТРА ПОРОШЕНКА ""СОЛІДАРНІСТЬ"", ТОВ ""ДТЕК"", Криворізька теплова електрична станція, Машиніст енергоблоку, місце проживання: м.Зеленодольськ, Апостолівський район, Дніпропетровська область",(Муха Іван Вікторович),Зеленодольська міська громада,Дніпропетровська область,18,НЕВЕСЕЛИЙ ДМИТРО ЮРІЙОВИЧ,"ПАРТІЯ ""БЛОК ПЕТРА ПОРОШЕНКА ""СОЛІДАРНІСТЬ"""
"Громадянка України, народилася 01.06.1952 р., освіта професійно-технічна, безпартійна, пенсіонерка, місце проживання: м.Зеленодольськ, Апостолівський район, Дніпропетровська область",(Толкачов Олександр Федорович),Зеленодольська міська громада,Дніпропетровська область,18,БАЛИХІНА ТЕТЯНА ФЕДОРІВНА,"ПАРТІЯ ""ВІДРОДЖЕННЯ"""
"Громадянка України, народилася 08.07.1959 р., освіта вища, член політичної партії Всеукраїнське об’єднання ""Батьківщина"", Комунальний заклад ""Зеленодольський центр первинної медико-санітарної допомоги"", Лікар, місце проживання: м.Зеленодольськ, Апостолівський район, Дніпропетровська область",(Кондратьєва Тамара Олександрівна),Зеленодольська міська громада,Дніпропетровська область,18,САВЧЕНКО НІНА СТЕПАНІВНА,"ПОЛІТИЧНА ПАРТІЯ ВСЕУКРАЇНСЬКЕ ОБ’ЄДНАННЯ ""БАТЬКІВЩИНА"""
,(Шостак Віталій Васильович),Зеленодольська міська громада,Дніпропетровська область,18,,"ПОЛІТИЧНА ПАРТІЯ ВСЕУКРАЇНСЬКЕ ОБ’ЄДНАННЯ ""СВОБОДА"""
"Громадянин України, народився 20.07.1959 р., освіта вища, безпартійний, ДТЕК, Начальник КЦ, місце проживання: с.Мала Костромка, Апостолівський район, Дніпропетровська область",(Ярошенко Олена Михайлівна),Зеленодольська міська громада,Дніпропетровська область,18,МОРОЗ ВІКТОР ПЕТРОВИЧ,"ПОЛІТИЧНА ПАРТІЯ ""ОПОЗИЦІЙНИЙ БЛОК"""
,(Братченко Віктор Григорович),Зеленодольська міська громада,Дніпропетровська область,18,,"ПОЛІТИЧНА ПАРТІЯ ""УКРАЇНСЬКЕ ОБ’ЄДНАННЯ ПАТРІОТІВ – УКРОП"""
"Громадянка України, народилася 13.12.1989 р., освіта вища, член Радикальної партії Олега Ляшка, тимчасово не працює, місце проживання: м.Зеленодольськ, Апостолівський район, Дніпропетровська область",(Кучеренко Роман Григорович),Зеленодольська міська громада,Дніпропетровська область,18,САЛОМАХІНА ІРИНА СЕРГІЇВНА,РАДИКАЛЬНА ПАРТІЯ ОЛЕГА ЛЯШКА
"Громадянин України, народився 03.05.1987 р., освіта вища, член ПАРТІЇ ""БЛОК ПЕТРА ПОРОШЕНКА ""СОЛІДАРНІСТЬ"", ТОВ ""ДТЕК"", Криворізька теплова електрична станція, Машиніст крану, місце проживання: м.Зеленодольськ, Апостолівський район, Дніпропетровська область",(Муха Іван Вікторович),Зеленодольська міська громада,Дніпропетровська область,19,ІГНАТЧЕНКО СЕРГІЙ ВІКТОРОВИЧ,"ПАРТІЯ ""БЛОК ПЕТРА ПОРОШЕНКА ""СОЛІДАРНІСТЬ"""
"Громадянин України, народився 12.08.1972 р., освіта вища, безпартійний, Відділення пожежної частини при Криворізькій ТЕС, Командир відділення, місце проживання: с. Велика Костромка, Апостолівський район, Дніпропетровська область",(Толкачов Олександр Федорович),Зеленодольська міська громада,Дніпропетровська область,19,БАРАБАШ ВОЛОДИМИР ОЛЕКСІЙОВИЧ,"ПАРТІЯ ""ВІДРОДЖЕННЯ"""
"Громадянин України, народився 13.08.1976 р., освіта вища, член політичної партії Всеукраїнське об’єднання ""Батьківщина"", Товариство з обмеженою відповідальністю ""Аква"", Заступник директора, місце проживання: с.Велика Костромка, Апостолівський район, Дніпропетровська область",(Кондратьєва Тамара Олександрівна),Зеленодольська міська громада,Дніпропетровська область,19,КУЧЕРУК ІВАН ДМИТРОВИЧ,"ПОЛІТИЧНА ПАРТІЯ ВСЕУКРАЇНСЬКЕ ОБ’ЄДНАННЯ ""БАТЬКІВЩИНА"""
,(Шостак Віталій Васильович),Зеленодольська міська громада,Дніпропетровська область,19,,"ПОЛІТИЧНА ПАРТІЯ ВСЕУКРАЇНСЬКЕ ОБ’ЄДНАННЯ ""СВОБОДА"""
"Громадянин України, народився 02.12.1971 р., освіта загальна середня, безпартійний, Приватний підприємець, Директор, місце проживання: с. Велика Костромка, Апостолівський район, Дніпропетровська область",(Ярошенко Олена Михайлівна),Зеленодольська міська громада,Дніпропетровська область,19,МАЗКА ВІКТОР МИКОЛАЙОВИЧ,"ПОЛІТИЧНА ПАРТІЯ ""ОПОЗИЦІЙНИЙ БЛОК"""
,(Братченко Віктор Григорович),Зеленодольська міська громада,Дніпропетровська область,19,,"ПОЛІТИЧНА ПАРТІЯ ""УКРАЇНСЬКЕ ОБ’ЄДНАННЯ ПАТРІОТІВ – УКРОП"""
,(Кучеренко Роман Григорович),Зеленодольська міська громада,Дніпропетровська область,19,,РАДИКАЛЬНА ПАРТІЯ ОЛЕГА ЛЯШКА
,(Муха Іван Вікторович),Зеленодольська міська громада,Дніпропетровська область,20,,"ПАРТІЯ ""БЛОК ПЕТРА ПОРОШЕНКА ""СОЛІДАРНІСТЬ"""
"Громадянка України, народилася 20.03.1975 р., освіта вища, безпартійна, Апостолівськийвідділстрахування ДОД НПСК ""Оранта"", Страховий агент, місце проживання: с. Велика Костромка, Апостолівський район, Дніпропетровська область",(Толкачов Олександр Федорович),Зеленодольська міська громада,Дніпропетровська область,20,БАРАБАШ ТЕТЯНА ВАСИЛІВНА,"ПАРТІЯ ""ВІДРОДЖЕННЯ"""
"Громадянка України, народилася 02.01.1975 р., освіта загальна середня, член політичної партії Всеукраїнське об’єднання ""Батьківщина"", Приватне акціонерне товариство ""Укрнафта"", Касир, місце проживання: с.Велика Костромка, Апостолівський район, Дніпропетровська область",(Кондратьєва Тамара Олександрівна),Зеленодольська міська громада,Дніпропетровська область,20,ПОЗІГУН ІННА ІВАНІВНА,"ПОЛІТИЧНА ПАРТІЯ ВСЕУКРАЇНСЬКЕ ОБ’ЄДНАННЯ ""БАТЬКІВЩИНА"""
,(Шостак Віталій Васильович),Зеленодольська міська громада,Дніпропетровська область,20,,"ПОЛІТИЧНА ПАРТІЯ ВСЕУКРАЇНСЬКЕ ОБ’ЄДНАННЯ ""СВОБОДА"""
"Громадянка України, народилася 17.09.1966 р., освіта вища, безпартійна, Великокостромська ЗШ I-III ступеню, вчитель, місце проживання: с. Велика Костромка, Апостолівський район, Дніпропетровська область",(Ярошенко Олена Михайлівна),Зеленодольська міська громада,Дніпропетровська область,20,ШАЙТАНОВА ОЛЬГА ДМИТРІВНА,"ПОЛІТИЧНА ПАРТІЯ ""ОПОЗИЦІЙНИЙ БЛОК"""
,(Братченко Віктор Григорович),Зеленодольська міська громада,Дніпропетровська область,20,,"ПОЛІТИЧНА ПАРТІЯ ""УКРАЇНСЬКЕ ОБ’ЄДНАННЯ ПАТРІОТІВ – УКРОП"""
,(Кучеренко Роман Григорович),Зеленодольська міська громада,Дніпропетровська область,20,,РАДИКАЛЬНА ПАРТІЯ ОЛЕГА ЛЯШКА
,(Муха Іван Вікторович),Зеленодольська міська громада,Дніпропетровська область,21,,"ПАРТІЯ ""БЛОК ПЕТРА ПОРОШЕНКА ""СОЛІДАРНІСТЬ"""
"Громадянка України, народилася 15.03.1969 р., освіта вища, безпартійна, Великокостромська сільська рада, Бухгалтер, місце проживання: с. Велика Костр Апостолівський район, Дніпропетровська область омка,",(Толкачов Олександр Федорович),Зеленодольська міська громада,Дніпропетровська область,21,КУЛІШ НАТАЛІЯ ГРИГОРІВНА,"ПАРТІЯ ""ВІДРОДЖЕННЯ"""
"Громадянка України, народилася 28.04.1974 р., освіта вища, член політичної партії Всеукраїнське об’єднання ""Батьківщина"", Велико-костромський будинок культури ""Жовтень"", Директор, місце проживання: с.Велика Костромка, Апостолівський район, Дніпропетровська область",(Кондратьєва Тамара Олександрівна),Зеленодольська міська громада,Дніпропетровська область,21,МЕЛЬНИК НАТАЛІЯ ОЛЕКСАНДРІВНА,"ПОЛІТИЧНА ПАРТІЯ ВСЕУКРАЇНСЬКЕ ОБ’ЄДНАННЯ ""БАТЬКІВЩИНА"""
,(Шостак Віталій Васильович),Зеленодольська міська громада,Дніпропетровська область,21,,"ПОЛІТИЧНА ПАРТІЯ ВСЕУКРАЇНСЬКЕ ОБ’ЄДНАННЯ ""СВОБОДА"""
"Громадянка України, народилася 22.10.1974 р., освіта вища, безпартійна, ДТЕК КРИВОРІЗЬКА ТЕС, Прибиральниця службових приміщень, місце проживання: с. Велика Костромка, Апостолівський район, Дніпропетровська область",(Ярошенко Олена Михайлівна),Зеленодольська міська громада,Дніпропетровська область,21,ЧЕПУРКО НАТАЛЯ МИКОЛАЇВНА,"ПОЛІТИЧНА ПАРТІЯ ""ОПОЗИЦІЙНИЙ БЛОК"""
,(Братченко Віктор Григорович),Зеленодольська міська громада,Дніпропетровська область,21,,"ПОЛІТИЧНА ПАРТІЯ ""УКРАЇНСЬКЕ ОБ’ЄДНАННЯ ПАТРІОТІВ – УКРОП"""
,(Кучеренко Роман Григорович),Зеленодольська міська громада,Дніпропетровська область,21,,РАДИКАЛЬНА ПАРТІЯ ОЛЕГА ЛЯШКА
"Громадянка України, народилася 28.06.1980 р., освіта загальна середня, член ПАРТІЇ ""БЛОК ПЕТРА ПОРОШЕНКА ""СОЛІДАРНІСТЬ"", Мар’янська ЗШ №1, Комірник, місце проживання: с. Мар’янське, Апостолівський район, Дніпропетровська область",(Муха Іван Вікторович),Зеленодольська міська громада,Дніпропетровська область,22,ГОЛУБ ІРИНА АНАТОЛІЇВНА,"ПАРТІЯ ""БЛОК ПЕТРА ПОРОШЕНКА ""СОЛІДАРНІСТЬ"""
"Громадянин України, народився 26.05.1987 р., освіта вища, безпартійний, Приватне підприємство ""Авіас 2000"", Завідуючий авто гаражем, місце проживання: с. Мар?янське, , Апостолівський район, Дніпропетровська область",(Толкачов Олександр Федорович),Зеленодольська міська громада,Дніпропетровська область,22,ДУДКА ОЛЕКСАНДР МИКОЛАЙОВИЧ,"ПАРТІЯ ""ВІДРОДЖЕННЯ"""
"Громадянка України, народилася 15.09.1977 р., освіта вища, член політичної партії Всеукраїнське об’єднання ""Батьківщина"", Мар’янська загальноосвітня школа № 1, вчитель, місце проживання: с.Мар’янське, Апостолівський район, Дніпропетровська область",(Кондратьєва Тамара Олександрівна),Зеленодольська міська громада,Дніпропетровська область,22,РУДЕНКО ІННА ЕДУАРДІВНА,"ПОЛІТИЧНА ПАРТІЯ ВСЕУКРАЇНСЬКЕ ОБ’ЄДНАННЯ ""БАТЬКІВЩИНА"""
,(Шостак Віталій Васильович),Зеленодольська міська громада,Дніпропетровська область,22,,"ПОЛІТИЧНА ПАРТІЯ ВСЕУКРАЇНСЬКЕ ОБ’ЄДНАННЯ ""СВОБОДА"""
"Громадянин України, народився 27.07.1967 р., освіта загальна середня, безпартійний, Приватний підприємець, Орендатор, місце проживання: с.Мар’янське, Апостолівський район, Дніпропетровська область",(Ярошенко Олена Михайлівна),Зеленодольська міська громада,Дніпропетровська область,22,КОВАЛЕНКО АНАТОЛІЙ ДМИТРОВИЧ,"ПОЛІТИЧНА ПАРТІЯ ""ОПОЗИЦІЙНИЙ БЛОК"""
,(Братченко Віктор Григорович),Зеленодольська міська громада,Дніпропетровська область,22,,"ПОЛІТИЧНА ПАРТІЯ ""УКРАЇНСЬКЕ ОБ’ЄДНАННЯ ПАТРІОТІВ – УКРОП"""
,(Кучеренко Роман Григорович),Зеленодольська міська громада,Дніпропетровська область,22,,РАДИКАЛЬНА ПАРТІЯ ОЛЕГА ЛЯШКА
"Громадянин України, народився 08.06.1960 р., освіта загальна середня, член ПАРТІЇ ""БЛОК ПЕТРА ПОРОШЕНКА ""СОЛІДАРНІСТЬ"", Державне промислове підприємство ""Кривбаспромводопостачання"", Машиніст, місце проживання: с. Мар’янське, Апостолівський район, Дніпропетровська область",(Муха Іван Вікторович),Зеленодольська міська громада,Дніпропетровська область,23,НІКІФОРОВ СЕРГІЙ ВОЛОДИМИРОВИЧ,"ПАРТІЯ ""БЛОК ПЕТРА ПОРОШЕНКА ""СОЛІДАРНІСТЬ"""
"Громадянка України, народилася 01.06.1960 р., освіта вища, безпартійна, Мар?янська сільська рада, Секретар, місце проживання: с. Мар?янське, Апостолівський район, Дніпропетровська область",(Толкачов Олександр Федорович),Зеленодольська міська громада,Дніпропетровська область,23,СКРИПНИК ВАЛЕНТИНА МИКОЛАЇВНА,"ПАРТІЯ ""ВІДРОДЖЕННЯ"""
"Громадянка України, народилася 21.03.1979 р., освіта вища, член політичної партії Всеукраїнське об’єднання ""Батьківщина"", Мар’янська загальноосвітня школа № 1, вчитель, місце проживання: с.Мар’янське, Апостолівський район, Дніпропетровська область",(Кондратьєва Тамара Олександрівна),Зеленодольська міська громада,Дніпропетровська область,23,АНТОНЕНКО НАТАЛЯ ОЛЕКСАНДРІВНА,"ПОЛІТИЧНА ПАРТІЯ ВСЕУКРАЇНСЬКЕ ОБ’ЄДНАННЯ ""БАТЬКІВЩИНА"""
"Громадянин України, народився 23.03.1990 р., освіта професійно-технічна, член політичної партії Всеукраїнське об’єднання ""Свобода"", ТОВ ""Авіас 2000"", Охоронець, місце проживання: с.Марянське, Апостолівський район, Дніпропетровська область",(Шостак Віталій Васильович),Зеленодольська міська громада,Дніпропетровська область,23,ЛИХОГЛЯД РОМАН РОМАНОВИЧ,"ПОЛІТИЧНА ПАРТІЯ ВСЕУКРАЇНСЬКЕ ОБ’ЄДНАННЯ ""СВОБОДА"""
"Громадянин України, народився 05.10.1957 р., освіта загальна середня, безпартійний, ТОВ ""Мря’янський ринок"", Керівник, місце проживання: с.Ленінське, Апостолівський район, Дніпропетровська область",(Ярошенко Олена Михайлівна),Зеленодольська міська громада,Дніпропетровська область,23,ВОЛОДІН ІВАН ВАСИЛЬОВИЧ,"ПОЛІТИЧНА ПАРТІЯ ""ОПОЗИЦІЙНИЙ БЛОК"""
,(Братченко Віктор Григорович),Зеленодольська міська громада,Дніпропетровська область,23,,"ПОЛІТИЧНА ПАРТІЯ ""УКРАЇНСЬКЕ ОБ’ЄДНАННЯ ПАТРІОТІВ – УКРОП"""
,(Кучеренко Роман Григорович),Зеленодольська міська громада,Дніпропетровська область,23,,РАДИКАЛЬНА ПАРТІЯ ОЛЕГА ЛЯШКА
"Громадянка України, народилася 27.01.1970 р., освіта вища, член ПАРТІЇ ""БЛОК ПЕТРА ПОРОШЕНКА ""СОЛІДАРНІСТЬ"", Мар’янська ЗШ №1, Директор, місце проживання: с. Мар’янське, Апостолівський район, Дніпропетровська область",(Муха Іван Вікторович),Зеленодольська міська громада,Дніпропетровська область,24,БЕРЕЖНА ЕЛЬВІРА СТАНІСЛАВІВНА,"ПАРТІЯ ""БЛОК ПЕТРА ПОРОШЕНКА ""СОЛІДАРНІСТЬ"""
"Громадянин України, народився 06.05.1965 р., освіта вища, безпартійний, Селянсько-фермерське господарство ""Талісман"", Директор, місце проживання: с. Мар?янське, , Апостолівський район, Дніпропетровська область",(Толкачов Олександр Федорович),Зеленодольська міська громада,Дніпропетровська область,24,КАПУСТІН ОЛЕКСАНДР ІВАНОВИЧ,"ПАРТІЯ ""ВІДРОДЖЕННЯ"""
"Громадянка України, народилася 18.04.1963 р., освіта вища, член політичної партії Всеукраїнське об’єднання ""Батьківщина"", пенсіонер, місце проживання: с.Мар’янське, Апостолівський район, Дніпропетровська область",(Кондратьєва Тамара Олександрівна),Зеленодольська міська громада,Дніпропетровська область,24,ВАКУЛИК ЛІЛІЯ ІВАНІВНА,"ПОЛІТИЧНА ПАРТІЯ ВСЕУКРАЇНСЬКЕ ОБ’ЄДНАННЯ ""БАТЬКІВЩИНА"""
,(Шостак Віталій Васильович),Зеленодольська міська громада,Дніпропетровська область,24,,"ПОЛІТИЧНА ПАРТІЯ ВСЕУКРАЇНСЬКЕ ОБ’ЄДНАННЯ ""СВОБОДА"""
"Громадянин України, народився 17.08.1961 р., освіта загальна середня, безпартійний, тимчасово не працює, місце проживання: с.Мар’янське, Апостолівський район, Дніпропетровська область",(Ярошенко Олена Михайлівна),Зеленодольська міська громада,Дніпропетровська область,24,ТЕРЕЩЕНКО ОЛЕГ ГРИГОРОВИЧ,"ПОЛІТИЧНА ПАРТІЯ ""ОПОЗИЦІЙНИЙ БЛОК"""
,(Братченко Віктор Григорович),Зеленодольська міська громада,Дніпропетровська область,24,,"ПОЛІТИЧНА ПАРТІЯ ""УКРАЇНСЬКЕ ОБ’ЄДНАННЯ ПАТРІОТІВ – УКРОП"""
,(Кучеренко Роман Григорович),Зеленодольська міська громада,Дніпропетровська область,24,,РАДИКАЛЬНА ПАРТІЯ ОЛЕГА ЛЯШКА
"Громадянин України, народився 19.09.1968 р., освіта вища, член ПАРТІЇ ""БЛОК ПЕТРА ПОРОШЕНКА ""СОЛІДАРНІСТЬ"", Мар’янська ЗШ №2, вчитель, місце проживання: с. Мар’янське, Апостолівський район, Дніпропетровська область",(Муха Іван Вікторович),Зеленодольська міська громада,Дніпропетровська область,25,НЕДРЯ ВІКТОР ВАСИЛЬОВИЧ,"ПАРТІЯ ""БЛОК ПЕТРА ПОРОШЕНКА ""СОЛІДАРНІСТЬ"""
"Громадянин України, народився 05.10.1956 р., освіта вища, безпартійний, пенсіонер, місце проживання: с.Мар?янське, Апостолівський район, Дніпропетровська область",(Толкачов Олександр Федорович),Зеленодольська міська громада,Дніпропетровська область,25,КРАВЧЕНКО АНАТОЛІЙ ДМИТРОВИЧ,"ПАРТІЯ ""ВІДРОДЖЕННЯ"""
"Громадянка України, народилася 25.02.1966 р., освіта вища, член політичної партії Всеукраїнське об’єднання ""Батьківщина"", Мар’янська загальноосвітня школа № 2, вчитель, місце проживання: с.Мар’янське, Апостолівський район, Дніпропетровська область",(Кондратьєва Тамара Олександрівна),Зеленодольська міська громада,Дніпропетровська область,25,СКЛАДЕНКО ТЕТЯНА ВОЛОДИМИРІВНА,"ПОЛІТИЧНА ПАРТІЯ ВСЕУКРАЇНСЬКЕ ОБ’ЄДНАННЯ ""БАТЬКІВЩИНА"""
,(Шостак Віталій Васильович),Зеленодольська міська громада,Дніпропетровська область,25,,"ПОЛІТИЧНА ПАРТІЯ ВСЕУКРАЇНСЬКЕ ОБ’ЄДНАННЯ ""СВОБОДА"""
"Громадянка України, народилася 27.04.1977 р., освіта вища, безпартійна, Мар’янська ЗШ №2 I-III ступеню, Вихователь, місце проживання: с.Мар’янське, Апостолівський район, Дніпропетровська область",(Ярошенко Олена Михайлівна),Зеленодольська міська громада,Дніпропетровська область,25,ОВЧАРЕНКО НАТАЛІЯ ВОЛОДИМИРІВНА,"ПОЛІТИЧНА ПАРТІЯ ""ОПОЗИЦІЙНИЙ БЛОК"""
"Громадянка України, народилася 10.03.1995 р., освіта загальна середня, безпартійна, тимчасово не працює, місце проживання: м.Апостолове, Дніпропетровська область",(Братченко Віктор Григорович),Зеленодольська міська громада,Дніпропетровська область,25,ПЛЮЩ АННА ОЛЕКСАНДРІВНА,"ПОЛІТИЧНА ПАРТІЯ ""УКРАЇНСЬКЕ ОБ’ЄДНАННЯ ПАТРІОТІВ – УКРОП"""
"Громадянин України, народився 20.03.1946 р., освіта вища, член Радикальної партії Олега Ляшка, Фермерське господарство ""Базінь"", Голова, місце проживання: м.Апостолове, Дніпропетровська область",(Кучеренко Роман Григорович),Зеленодольська міська громада,Дніпропетровська область,25,КАЙДАШ ВАСИЛЬ ТРОХИМОВИЧ,РАДИКАЛЬНА ПАРТІЯ ОЛЕГА ЛЯШКА
"Громадянин України, народився 21.01.1955 р., освіта вища, член ПАРТІЇ ""БЛОК ПЕТРА ПОРОШЕНКА ""СОЛІДАРНІСТЬ"", Фізична особа - підприємець, місце проживання: с. Мар’янське, Апостолівський район, Дніпропетровська область",(Муха Іван Вікторович),Зеленодольська міська громада,Дніпропетровська область,26,ГОРБЕНКО ГРИГОРІЙ ГРИГОРОВИЧ,"ПАРТІЯ ""БЛОК ПЕТРА ПОРОШЕНКА ""СОЛІДАРНІСТЬ"""
"Громадянин України, народився 10.07.1969 р., освіта вища, безпартійний, Приватний підприємець, місце проживання: с.Мар?янське, Апостолівський район, Дніпропетровська область",(Толкачов Олександр Федорович),Зеленодольська міська громада,Дніпропетровська область,26,ЛИСЯНСЬКИЙ ОЛЕГ МИКОЛАЙОВИЧ,"ПАРТІЯ ""ВІДРОДЖЕННЯ"""
"Громадянка України, народилася 25.09.1986 р., освіта вища, член політичної партії Всеукраїнське об’єднання ""Батьківщина"", Мар’янська загальноосвітня школа № 2, Техпрацівник, місце проживання: с.Мар’янське, Апостолівський район, Дніпропетровська область",(Кондратьєва Тамара Олександрівна),Зеленодольська міська громада,Дніпропетровська область,26,СОРОКІНА ТЕТЯНА МИХАЙЛІВНА,"ПОЛІТИЧНА ПАРТІЯ ВСЕУКРАЇНСЬКЕ ОБ’ЄДНАННЯ ""БАТЬКІВЩИНА"""
,(Шостак Віталій Васильович),Зеленодольська міська громада,Дніпропетровська область,26,,"ПОЛІТИЧНА ПАРТІЯ ВСЕУКРАЇНСЬКЕ ОБ’ЄДНАННЯ ""СВОБОДА"""
"Громадянин України, народився 23.04.1954 р., освіта вища, безпартійний, Приватне підприємство ПП ""Митюк"", Приватний підприємець, місце проживання: Мар’янське, Апостолівський район, Дніпропетровська область",(Ярошенко Олена Михайлівна),Зеленодольська міська громада,Дніпропетровська область,26,МИТЮК МИКОЛА ВАСИЛЬОВИЧ,"ПОЛІТИЧНА ПАРТІЯ ""ОПОЗИЦІЙНИЙ БЛОК"""
"Громадянин України, народився 28.06.1953 р., освіта професійно-технічна, безпартійний, пенсіонер, місце проживання: с. Мар’янське Апостолівський район, Дніпропетровська область",(Братченко Віктор Григорович),Зеленодольська міська громада,Дніпропетровська область,26,ВЮНИК АНАТОЛІЙ МИХАЙЛОВИЧ,"ПОЛІТИЧНА ПАРТІЯ ""УКРАЇНСЬКЕ ОБ’ЄДНАННЯ ПАТРІОТІВ – УКРОП"""
,(Кучеренко Роман Григорович),Зеленодольська міська громада,Дніпропетровська область,26,,РАДИКАЛЬНА ПАРТІЯ ОЛЕГА ЛЯШКА
